3.650000000000000000e+04
